lat_values	lng_values	city	country	Temp	Humidity	Cloudiness	Wind Speed	Lat	Longitude
63.00457960419561	57.50473138963457	vuktyl	ru	11.61	76	64	5.57	63.86	57.31
-80.87743320744217	-21.529339911841618	ushuaia	ar	48.2	81	20	16.11	-54.81	-68.31
-33.61964603224726	69.24459092795286	mahebourg	mu	78.8	88	40	6.42	-20.41	57.7
76.79441241229264	-147.8860883469127	barrow	us	27.37	62	1	5.75	39.51	-90.4
29.843753771381614	-140.09344465237382	hilo	us	68.43	94	90	3.36	19.71	-155.08
-40.17462281733916	2.044285116868366	saldanha	za	59	82	0	3.36	-33.01	17.94
88.7099145379812	-171.76940619035983	mys shmidta	ru						
-81.01759550472076	58.19227505317468	east london	za	69.79	100	88	6.08	-33.02	27.91
87.82718768001916	-134.77534766719236	tuktoyaktuk	ca	-6.54	83	75	18.34	69.44	-133.03
28.63324984715547	-30.48053773022292	ribeira grande	pt	57.96	100	92	7.92	38.52	-28.7
73.4419588518806	-73.80448235480551	qaanaaq	gl	-7.3	89	20	2.1	77.48	-69.36
1.621016727824852	-111.56190175954524	coahuayana	mx	64.57	67	0	2.06	18.62	-100.35
-70.58918533137177	-117.15717416471378	punta arenas	cl	44.6	65	0	10.29	-53.16	-70.91
45.48239994974563	-99.73876148204863	aberdeen	us	46.4	93	75	6.93	46.98	-123.82
-48.331501810197416	-167.21715445575083	avarua	ck	78.8	94	75	24.16	-21.21	-159.78
42.760941162571754	65.35801553724949	shieli	kz	4.32	72	0	8.88	44.18	66.74
78.15765451921826	63.685742293137395	amderma	ru						
-88.13961457003975	-11.556958148558408	hermanus	za	58.09	95	24	5.79	-34.42	19.24
-41.12372957825193	-68.89068469345497	neuquen	ar	80.6	44	0	9.78	-38.95	-68.06
-25.486569230722054	58.28294032239171	saint-philippe	re	76.03	69	0	6.93	-21.36	55.77
-20.3950848390583	-79.25056297098787	marcona	pe						
-49.03022380260511	-5.662281555249962	cape town	za	62.6	82	0	8.05	-33.93	18.42
-53.11706023633802	134.97499447816978	new norfolk	au	68	45	75	24.16	-42.78	147.06
-77.8223276821398	179.7605489019465	kaitangata	nz	68.49	51	8	20.62	-46.28	169.85
27.43853107129769	-27.409068380629748	los llanos de aridane	es	60.8	72	0	8.05	28.66	-17.92
0.9753897672167966	59.83594983335658	victoria	sc	78.8	78	40	1.12	-4.62	55.45
-30.73378561890941	85.25791876230807	carnarvon	au	80.37	86	0	19.06	-24.87	113.63
-86.82854295890343	95.59317969090267	albany	au	85.27	45	0	5.91	-35.02	117.88
37.96638612563501	-168.86872257350916	kapaa	us	75.2	69	75	13.87	22.08	-159.32
4.83497223278124	-0.3493387185410768	winneba	gh	82.4	88	90	11.41	5.35	-0.62
28.4709474387263	78.54205080489015	bahjoi	in	60.16	82	0	9.89	28.39	78.62
-70.71194907207882	-147.40093997868945	mataura	pf						
29.85834914173958	121.37744761342742	ningbo	cn	46.4	61	0	2.24	29.88	121.54
23.920811589928675	160.98712314867726	hasaki	jp	49.15	61	40	3.36	35.73	140.83
12.765502677269808	-43.443561551529825	cayenne	gf	77	88	75	4.7	4.94	-52.33
49.51760493969226	176.45846287586056	nikolskoye	ru	21.2	92	75	11.18	59.7	30.79
52.76760833020535	-17.51962314220077	dingle	ie	46.89	94	92	15.59	52.14	-10.27
-29.793752128872043	-136.55917031762465	rikitea	pf	79.42	100	44	12.91	-23.12	-134.97
9.39988868785872	149.28283459415496	lorengau	pg	82.71	100	64	13.29	-2.02	147.27
39.2643976953683	67.73347777083046	panjakent	tj	30.2	86	0	4.7	39.5	67.61
-40.298286311664825	-82.32520933238702	ancud	cl	61.47	98	92	5.08	-41.87	-73.83
-58.64450686619583	94.66383836645673	busselton	au	75.64	85	8	10.38	-33.64	115.35
5.600957322559097	157.71769076853957	namatanai	pg	84.19	96	8	13.18	-3.66	152.44
-72.1178969494207	16.899345959639305	bredasdorp	za	68	60	44	6.93	-34.53	20.04
3.1314592237140175	-148.50766428341052	atuona	pf	80.59	100	64	15.08	-9.8	-139.03
-8.14778336392503	113.3514965099078	tanggul	id	83.07	99	0	11.12	-8.16	113.45
69.77014226198196	-13.2883725590994	husavik	is	21.2	79	0	2.24	66.04	-17.34
18.09335744369345	-48.39111838637422	bathsheba	bb	75.2	88	40	20.8	13.22	-59.52
-12.120650563237191	-101.67320947697786	puerto ayora	ec	75.24	100	56	7.65	-0.74	-90.35
23.611455972515714	118.77241987196629	makung	tw						
50.71831326296467	-114.44049975380302	black diamond	ca	19.35	73	75	9.17	50.69	-114.23
62.02160322157886	139.05794444526202	solnechnyy	ru	4.63	60	36	6.08	50.72	136.64
-22.275549206079745	36.168099912826904	inhambane	mz	76.54	100	92	8.77	-23.87	35.38
51.51427547014791	43.3805977624464	repnoye	ru	15.84	90	92	11.16	51.59	43.18
-5.122094391498223	139.41673032980316	kiunga	pg	84.51	75	44	3	-6.12	141.3
-88.54787120840146	158.50431954277752	bluff	nz	62.32	97	56	29.24	-46.6	168.33
76.48146530829882	-144.13230866677762	fairbanks	us	10.49	92	20	2.77	64.84	-147.72
87.57203177122804	-104.86485816397406	yellowknife	ca	1.4	77	90	13.87	62.45	-114.38
77.71389474491917	-50.55237942681353	upernavik	gl	-4.87	100	44	2.51	72.79	-56.15
86.77872202391143	134.30284524017873	nizhneyansk	ru						
-61.80608015319399	36.96029470321744	port alfred	za	67.95	100	92	7.36	-33.59	26.89
15.342639979858902	124.09658103037344	pandan	ph	81.04	97	0	14.36	11.72	122.09
18.079303140328733	-23.185445767044854	santa maria	cv	68	77	75	12.75	16.6	-22.9
17.44562128254549	54.29938159099882	salalah	om	71.6	73	40	1.12	17.01	54.1
13.672538571903829	46.27320850170932	lahij	ye	60.34	100	20	3.74	13.06	44.88
-21.219934904359064	45.60532968220622	beroroha	mg	67.36	92	0	2.55	-21.68	45.17
34.530871343945364	169.18480497443318	severo-kurilsk	ru	23.89	100	44	12.12	50.68	156.12
23.45892144184647	7.156049053342343	gat	ly						
36.838134807709935	127.03125578542637	seoul	kr	29.86	18	0	10.29	37.57	126.98
-39.42122745533273	-21.228115912830503	arraial do cabo	br	74.11	99	20	5.91	-22.97	-42.02
-19.56815501918588	-179.60878911929146	vaini	to	87.8	62	75	9.17	-21.2	-175.2
-12.375231977137076	62.19151885966167	grand gaube	mu	78.8	88	40	12.62	-20.01	57.66
17.099050391745664	122.85124024952921	dicabisagan	ph	78.84	99	44	3.51	17.08	122.42
82.60224576837805	157.89920500090682	cherskiy	ru	-7.75	93	64	3.33	68.75	161.3
61.55682873878786	69.57924802620133	gornopravdinsk	ru	10.93	86	68	7.25	60.06	69.92
-44.809342063322376	141.9348898486317	burnie	au	63.9	100	76	24.2	-41.05	145.91
-30.64209094700331	2.7310479116049464	luderitz	na	60.8	87	0	3.36	-26.65	15.16
48.513333096455455	84.26137518864886	kurchum	kz	4.63	76	48	2.73	48.57	83.65
-14.191981026834952	3.245425739313845	namibe	ao	76.95	100	32	4.79	-15.19	12.15
-14.128774676165847	-92.79955530854434	san cristobal	ec	61.33	100	92	1.88	-1.02	-79.44
86.7741451688835	57.64620944915896	belushya guba	ru						
43.25599974739626	-69.21478781178092	rockland	us	40.3	60	20	9.17	42.13	-70.92
20.413814910897642	110.19831525459267	xucheng	cn	47.79	54	0	15.64	33	118.51
0.681428215190266	34.151087655533274	tororo	ug	64.57	64	0	9.04	0.69	34.18
-30.1668063327895	-64.27588298424993	cordoba	ar	58.36	89	44	1.28	-27.78	-67.24
-30.509080750760667	26.682622877069434	aliwal north	za	49.99	89	12	2.62	-30.69	26.71
-0.30326861673979977	88.13486386788867	meulaboh	id	82.48	100	0	4.74	4.14	96.13
-13.85633946012122	-62.808908069015104	san ramon	bo	74.25	93	0	2.84	-13.27	-64.62
40.72986092408411	-57.103713401383274	louisbourg	ca						
75.81114360067622	-17.779426944235183	illoqqortoormiut	gl						
24.684651559033526	70.01753827561657	islamkot	pk	59.4	61	0	2.77	24.7	70.18
0.5706399605237351	-56.12488386478621	oriximina	br	78.3	88	36	4.63	-1.77	-55.87
32.56824423467101	-53.09920583661369	saint george	bm	69.8	88	75	17.22	32.38	-64.68
21.070792505008725	42.212861630925715	mecca	sa	77	73	20	1.83	21.43	39.83
-4.312667130754946	73.02961045133998	hithadhoo	mv	80.46	100	80	3.89	-0.6	73.08
-22.388333953511108	148.34832264544832	moranbah	au	86.89	95	0	4.79	-22	148.04
-18.83331416462397	74.20970888591373	grand river south east	mu						
-19.28442668963652	-19.76263622542467	georgetown	sh	77.31	100	24	13.91	-7.93	-14.42
3.1845236167563655	71.32430921807588	kudahuvadhoo	mv	79.87	100	88	6.24	2.67	72.89
52.62503141373463	28.661172271339154	lyuban	by	24.97	93	68	6.87	52.8	28
53.38648498224438	-135.66381332738086	sitka	us	39.37	36	80	14.85	37.17	-99.65
37.51944423285937	19.909578304271037	lixourion	gr	53.59	100	0	7.09	38.2	20.43
41.58009785024274	124.71561232211877	xiaoshi	cn	53.1	79	0	4.41	30.59	116.63
7.157833358453033	62.71048509851536	kulhudhuffushi	mv	81.72	100	32	6.02	6.62	73.07
68.4327823976327	152.7662617590429	srednekolymsk	ru	-10.04	70	88	4.63	67.46	153.71
8.855649136423708	-41.02933947122466	carutapera	br	77.98	92	56	6.08	-1.2	-46.02
-86.66182963891342	66.31413384630903	taolanaro	mg						
49.68558482746141	54.06600825145429	chingirlau	kz	3.37	85	44	4.63	51.09	54.08
-22.50945900427807	165.5926225105789	bouloupari	nc	80.6	88	48	19.46	-21.87	166.05
-16.218118060487882	131.67994368540496	katherine	au	87.8	58	40	11.41	-14.47	132.26
42.1411126703008	-68.09358655610882	brewster	us	42.21	75	90	12.75	41.76	-70.08
32.26712667608196	64.53260784875556	sangin	af	44.41	75	48	2.55	32.07	64.85
20.1588923977517	-15.165989013499598	nouadhibou	mr	60.8	82	8	13.87	20.93	-17.03
32.962444076246925	60.4113369683684	birjand	ir	41	38	40	2.39	32.86	59.22
-13.017076650626535	128.7221109715262	port keats	au	81.99	97	92	13.69	-14.25	129.55
-18.390026811930014	86.33243235256737	bengkulu	id						
-9.537985759808805	-25.689056429787428	olinda	br	77	83	75	2.24	-22.82	-43.41
43.93655785087148	110.00025014315554	erenhot	cn	19.89	63	80	5.3	43.65	111.97
44.840335378302484	42.640244674918335	severnoye	ru	-0.14	77	56	3.56	54.09	52.54
-9.10190027547793	-86.26245329420614	sechura	pe	75.82	79	36	10.27	-5.56	-80.82
68.9654541895573	-162.3403342972872	nome	us	67.93	83	90	3.36	30.04	-94.42
-4.929218773739976	-173.3116505875342	saleaula	ws						
45.1984318797611	70.49558368384785	zhanatas	kz						
-58.200484871902894	-19.474735525308063	cidreira	br	69.75	79	20	13.29	-30.17	-50.22
49.11454191278324	-130.4142468347973	port hardy	ca	39.2	80	90	2.24	50.7	-127.42
56.142648366380854	143.4923814996743	okha	ru	12.19	92	36	6.53	53.59	142.95
72.56557452188275	31.774199975938217	vardo	no	29.38	100	56	8.32	70.37	31.11
-30.56934337922374	176.88274520293254	russell	nz	73.44	85	92	9.66	-35.26	174.12
77.57306356372618	-0.7183007392092122	barentsburg	sj						
28.538575536450466	19.897318718013196	awjilah	ly	45.81	82	0	7.58	29.14	21.3
-37.61955166764555	33.821504134931985	umzimvubu	za						
-6.6271506273573095	144.8621740713702	kundiawa	pg	71.55	62	24	1.88	-6.02	144.97
4.097610942402284	-106.91132706410863	san jeronimo	mx	68	82	40	4.7	29.37	-110.79
42.27100366534714	20.65232935644184	prizren	rs						
32.109562702575516	123.64445373269626	huilong	cn	51.07	94	92	3.62	31.15	106.5
-32.25102229283359	74.95145609112188	bambous virieux	mu	78.8	88	40	6.42	-20.34	57.76
65.63357086283591	-49.65482580416392	nuuk	gl	8.6	92	8	14.99	64.17	-51.74
-33.440292683824964	158.04115246420048	port macquarie	au	80.6	54	75	12.75	-31.43	152.91
59.911240781511964	-45.284022704920176	nanortalik	gl	22.05	100	68	25.7	60.14	-45.24
21.484319797389205	-133.44255210725098	lompoc	us	55.76	50	1	3.36	34.64	-120.46
5.686725129257354	-59.23485726042753	bartica	gy	73.4	100	90	6.93	6.41	-58.62
36.10501548617279	99.80606758070007	xining	cn	26.82	67	88	3.85	36.62	101.77
3.913293975638169	21.531668381505057	mobaye	cf	69.97	97	76	2.84	4.33	21.18
44.96648992117602	48.91008115416659	kirovskiy	ru	6.39	55	48	8.59	45.09	133.51
63.71523192748424	128.9577477394879	namtsy	ru	-21.07	61	20	3.06	62.72	129.66
-15.27098379078545	161.10144640513465	kirakira	sb	84.69	100	8	13.62	-10.46	161.92
-7.3469210936647045	-32.638592812630066	pitimbu	br	78.8	83	75	8.05	-7.47	-34.81
61.28409493515795	82.0869564959375	kargasok	ru	3.15	85	80	4.79	59.06	80.87
-1.6188229610031186	108.25792948098547	manggar	id	84.82	88	24	6.13	-2.88	108.27
32.63702932284548	157.93739391162336	sentyabrskiy	ru						
50.91114587094532	104.60624973221178	vydrino	ru	11.25	97	68	4.07	51.46	104.64
26.603641618635947	131.87247912255407	naze	jp	62.6	55	75	20.8	28.37	129.48
-44.23627728046108	-96.64385969133848	castro	cl	61.56	94	80	5.75	-42.48	-73.76
13.918593392638698	108.02418920599212	play cu	vn						
27.780565672985347	-135.49014929617846	pacific grove	us	54.48	88	1	6.93	36.62	-121.92
25.6793609805666	57.90571470119724	minab	ir	62.6	93	0	1.88	27.15	57.07
45.382106755728245	103.63794737477934	hovd	mn	5.04	51	12	5.75	48.01	91.64
13.528093392315995	25.534184865035087	kutum	sd	60.66	55	0	9.6	14.2	24.66
-37.86643722010141	-11.431296328926067	jamestown	sh	72.22	100	64	11.05	-15.94	-5.72
15.498793419909092	173.7526291500455	butaritari	ki	80.86	100	88	11.95	3.07	172.79
79.73349450614509	129.3906290544778	tiksi	ru	-12.79	80	64	5.64	71.64	128.87
18.943402445613472	-65.1267971960813	culebra	us	35.53	93	90	7.81	34.68	-105.77
-82.67049481461203	147.46014893529554	hobart	au	68	45	75	24.16	-42.88	147.33
50.45771297420026	-64.438052032534	havre-saint-pierre	ca	15.8	61	75	13.87	50.23	-63.6
3.932218601431103	-34.42769919353199	paracuru	br	77	100	90	5.82	-3.41	-39.03
15.759794442488882	-132.7915438155583	guerrero negro	mx	63	97	48	3.4	27.97	-114.04
50.546572931832486	68.65757657802283	atbasar	kz	11.79	81	76	4.23	51.81	68.36
74.31270295576923	112.9660450212217	saskylakh	ru	-18.1	53	56	3.33	71.97	114.09
33.26099201163622	7.721669893705581	naftah	tn						
13.608297197924713	-19.27701020520618	dakar	sn	62.6	93	80	9.17	14.69	-17.45
-43.48919644138002	-51.67273161997238	mar del plata	ar	69.43	54	0	5.01	-46.43	-67.52
80.31297480728645	104.89440019135685	khatanga	ru	-15.26	46	36	2.89	71.98	102.47
50.57776570432418	117.76974524507011	klichka	ru	4.99	48	0	4.41	50.44	118
28.520739288638993	-8.84567654862073	tiznit	ma	53.55	88	0	5.08	29.7	-9.73
4.315783326068242	71.89411382004343	mahibadhoo	mv	81.58	100	80	10.56	3.78	72.97
-19.26039470854731	100.07329991698032	palabuhanratu	id						
59.985262700844885	96.9108995591643	boguchany	ru	1.39	70	64	6.91	58.38	97.46
-16.67224221158766	-56.6685209581827	pocone	br	75.24	92	36	2.89	-16.26	-56.62
29.63598343582649	-63.56479931763023	hamilton	bm	69.8	88	75	17.22	32.3	-64.78
-83.84284842065773	37.05985794440909	port elizabeth	za	62.6	93	90	3.36	-33.92	25.57
67.2864339724218	-67.6779630378284	pangnirtung	ca	-31.24	52	0	4.07	66.15	-65.72
-1.5722205644570124	28.889949066965812	goma	cd	55.21	97	12	1.72	-1.67	29.23
8.281837256638596	-113.99840787481781	san patricio	mx	78.8	83	40	5.82	19.22	-104.7
51.11078301631812	116.72864628238943	kalanguy	ru	-0.68	71	0	4.29	51.01	116.52
49.32081723208407	-31.415860470643395	lagoa	pt	46.4	100	0	4.7	37.14	-8.45
40.33339045027847	138.06458020423594	oga	jp						
56.202029507758624	-127.61017987407095	smithers	ca	21.2	92	90	3.36	54.78	-127.17
49.14357067849278	-82.16083281418533	kapuskasing	ca	5	65	20	4.7	49.42	-82.43
60.832959884457495	-22.04233149448271	grindavik	is	31.05	100	75	11.41	63.84	-22.43
62.485237594678665	-56.777499495191265	maniitsoq	gl	-7.16	100	20	5.12	65.42	-52.9
21.046337324066286	29.311521442835698	marawi	sd	62.82	73	8	5.75	18.48	31.82
6.138194190898858	-36.277930734685185	itarema	br	74.83	99	92	4	-2.92	-39.92
64.02512856910303	-100.67976477054228	thompson	ca	1.4	64	90	18.34	55.74	-97.86
16.565643729970915	-32.4813520192499	ponta do sol	cv	67.09	100	88	16.08	17.2	-25.09
57.72269618624517	68.44104027507132	sumkino	ru	12.46	81	68	6.58	58.11	68.32
-0.2301963311089139	35.536471324022045	londiani	ke	53.41	81	0	4.56	-0.17	35.6
22.60461003439336	-100.40975516575769	cerritos	mx	68	32	5	9.17	20.89	-100.6
-3.8108096879416706	34.187795564683285	kishapu	tz	68.85	59	0	11.56	-3.61	33.87
-40.65078203427452	43.773495182479536	tsihombe	mg						
60.593771473911914	-28.87221402075761	olafsvik	is						
62.81257017399807	107.95586226183144	yerbogachen	ru	-6.08	70	64	3.78	61.28	108.01
69.86565217313805	5.02768520301521	bud	no	35.11	92	64	5.82	62.91	6.91
63.39049879441998	97.01563330649151	baykit	ru	-9.46	65	48	5.08	61.68	96.39
60.31547938740948	41.24010449308102	syamzha	ru	16.65	86	88	7.36	60.02	41.06
-12.91066578001572	118.6779271331867	waingapu	id	81.09	86	80	10.78	-9.65	120.26
37.77507822081789	-51.63220159080032	torbay	ca	33.8	93	90	4.7	47.66	-52.73
-16.365708750628556	39.11132037052738	angoche	mz	80.82	100	0	15.19	-16.23	39.91
52.326522128030035	139.5788741926874	bogorodskoye	ru	6.79	54	56	7.36	52.37	140.44
57.13620169439844	135.36958878372621	chumikan	ru	5.71	49	0	6.42	54.72	135.31
30.462318762162084	23.875670966577673	tubruq	ly						
5.601537862987527	-33.96333233963509	trairi	br	75.42	100	92	7.76	-3.28	-39.27
47.519350047269654	-169.73051119578204	bethel	us	26.6	100	90	10.29	60.79	-161.76
-30.428686517670712	162.36069745676485	byron bay	au	86	58	75	12.75	-28.65	153.62
-25.00603638436101	124.96624361711247	yulara	au	95	30	12	5.82	-25.24	130.99
43.85304817519537	140.4035659388885	yoichi	jp	30.19	97	8	15.3	43.19	140.77
36.51612221291178	-78.97109295601746	danville	us	37.9	80	90	4.7	37.65	-84.77
16.299111280545148	112.0006954572575	wanning	cn	72.99	97	0	4.74	18.8	110.4
57.03742806760428	68.43594504524131	aromashevo	ru	8.82	73	68	10.67	56.86	68.64
69.23374122015318	-10.925789054368863	hofn	is	37.12	100	88	4.41	64.25	-15.21
43.259561314990265	-5.030763393010375	llanes	es	36.54	97	92	2.55	43.42	-4.75
32.89505597885709	141.13501896921008	katsuura	jp	44.6	42	20	20.8	33.93	134.5
83.466890380194	171.66238512805955	pevek	ru	1.17	91	64	3.56	69.7	170.27
39.223392421802544	-8.08096300972639	ponte de sor	pt	38.7	93	8	2.89	39.25	-8.01
-26.284059144516952	-92.56015789546512	pisco	pe	71.6	88	40	16.11	-13.71	-76.2
87.11314422258644	75.33958195058582	dikson	ru	-7.84	96	12	12.12	73.51	80.55
-7.070081206171608	154.17273908403126	panguna	pg	78.57	92	64	6.42	-6.32	155.48
-24.79446229925668	-44.68702207237021	ilhabela	br	73.89	100	56	5.79	-23.78	-45.36
-38.79088656017458	144.67326399790437	leopold	au	77.68	47	20	5.82	-38.18	144.47
19.905925211823075	91.38344753333143	teknaf	bd	74.79	64	0	3.51	20.86	92.31
-14.422360516818657	-51.01509583664597	mozarlandia	br	71.23	84	8	3.06	-14.74	-50.57
-26.126768517007385	-69.55368485233478	diego de almagro	cl	61.69	83	0	2.51	-26.39	-70.05
9.546311947559914	33.828621651245044	asosa	et	71.68	46	100	4.41	10.07	34.53
40.86021760187242	135.546276404794	preobrazheniye	ru	11.74	42	8	10.04	42.9	133.91
-15.435337862347339	157.18711266759567	honiara	sb	89.6	55	75	6.93	-9.43	159.96
68.37964123171426	137.93213964360513	deputatskiy	ru	-21.16	58	0	3	69.3	139.9
-17.135761157954605	-173.2287681149813	hihifo	to						
54.1376262412478	141.313108395889	nikolayevsk-na-amure	ru	7.78	90	68	19.44	53.14	140.72
38.31940020944313	-145.29649639348497	kahului	us	75.78	83	40	8.05	20.89	-156.47
8.425383017745432	12.662036650534077	poli	cm	65.11	75	0	2.51	8.48	13.24
54.68047127969356	68.44832302019489	mamlyutka	kz	5	84	90	3.62	54.94	68.54
57.45252305762915	-17.925674882849762	vestmannaeyjar	is	34.92	100	48	10.45	63.44	-20.27
-23.250159862021363	132.233086974914	alice springs	au	100.4	21	56	11.41	-23.7	133.88
26.738360624643093	-78.26953630606057	high rock	bs	73.21	100	0	3.62	26.63	-78.28
32.765078605977024	-129.81460493050508	half moon bay	us	57.81	50	5	6.93	37.46	-122.43
-59.141246116211185	78.46192725787881	souillac	mu	78.8	88	40	6.42	-20.52	57.52
43.530935365092546	120.56845423582092	tongliao	cn	16.92	30	0	7.36	43.61	122.27
-4.222633908086507	-83.95779366926332	talara	pe	76.81	76	56	6.87	-4.58	-81.27
59.04175490954523	140.39578835470218	okhotsk	ru	6.21	96	0	7.31	59.36	143.24
34.06175313811549	130.51353084644336	fukuma	jp	45.79	39	20	12.75	33.77	130.47
67.0218224214139	-167.9625788928229	lavrentiya	ru	30.96	95	92	27.45	65.58	-170.99
13.852841209630057	-113.25056796935614	cabo san lucas	mx	75.33	69	20	6.13	22.89	-109.91
51.85737769124552	55.270340326423366	prigorodnyy	ru	28.84	97	88	9.82	47.93	40.05
-30.046915008383714	117.00158541283707	northam	au	77	57	40	5.82	-31.65	116.67
-10.539867358811748	-148.85437810418128	fare	pf	81.94	99	92	11.9	-16.7	-151.02
-32.7660645638161	94.38263682367733	geraldton	au	77	61	75	13.87	-28.77	114.6
78.99359238140642	146.05976880630703	chokurdakh	ru	-17.11	50	20	2.89	70.62	147.9
-17.445801203140377	-155.63568379878689	vaitape	pf	79.74	100	76	7.87	-16.52	-151.75
22.582663131579523	48.209420429055655	riyadh	sa	66.2	29	0	5.82	24.63	46.72
16.014686293448293	34.86196183951	wagar	sd	70.74	68	0	10.11	16.15	36.2
58.15784293157469	72.56062460101091	tevriz	ru	2.7	78	68	4.63	57.51	72.4
-6.923527487881685	-68.84942081071124	eirunepe	br	75.91	92	48	2.06	-6.66	-69.87
15.83499826836129	-124.65776009716063	constitucion	mx	66.2	29	75	3.85	23.99	-104.67
33.29646753510474	107.90684558885874	hanzhong	cn	44.14	100	92	3.29	33.08	107.03
29.354409780134176	68.39135961846412	sibi	pk	56.29	56	0	2.55	29.55	67.88
46.96761832635332	-144.61028780426363	kodiak	us	26.6	49	1	8.93	39.95	-94.76
-23.710175561107505	4.503387721463213	henties bay	na	62.23	100	92	3.33	-22.12	14.28
-2.241315389454101	178.34143016604844	rungata	ki						
63.963437078048	120.69455796084469	verkhnevilyuysk	ru	-7.57	62	64	4	63.45	120.31
-36.10673735354405	-39.73329175088145	laguna	br						
18.684994338698473	99.29970599747617	mae tha	th	70.57	40	20	2.24	18.46	99.14
2.5189571305577942	140.94427590245675	vanimo	pg	83.7	100	24	15.97	-2.67	141.3
72.55817395092993	-147.3889689484194	college	us	10.49	92	20	2.77	64.86	-147.8
42.52690747049712	49.06359145206747	derbent	ru	28.48	86	68	1.99	42.06	48.29
49.272355559650066	87.02008657809773	aktash	ru	-6.22	69	24	1.21	50.31	87.6
6.492435906960907	-45.019847949936064	saint-georges	gf						
7.506932330631571	11.997109956495734	tignere	cm	59.89	67	0	3.33	7.37	12.65
-3.0830297853751176	-7.968593308437619	harper	lr	81.49	99	20	12.28	4.38	-7.71
-67.2844820688432	26.154396112982056	kruisfontein	za	63.54	92	76	6.35	-34	24.73
72.9367133859594	16.192872950158176	andenes	no	23	79	20	5.82	69.31	16.12
-26.249736309494075	-64.21656685338586	tucuman	ar						
18.914396196651637	9.871125685609627	arlit	ne	53.23	52	12	3.89	18.74	7.39
-20.226338677576194	-71.3683888529217	iquique	cl	67.63	100	0	5.08	-20.22	-70.14
-4.190614169013145	178.3836320582966	lolua	tv						
25.604983659013456	-45.13564848094191	codrington	ag						
53.05059655887533	-97.94548597640768	gimli	ca	13.86	78	48	10.16	50.63	-96.99
65.09504270223485	-4.99266703555233	klaksvik	fo	35.6	93	20	6.93	62.23	-6.59
9.884753543447829	105.94214572626663	can tho	vn	83.83	75	0	7.92	10.04	105.78
60.736565823364685	-84.64493640341529	attawapiskat	ca						
54.77349558880567	161.59367021482973	klyuchi	ru	2.29	79	68	3.22	52.25	79.17
34.566442998600195	103.88358931028495	linxia	cn	25.06	60	44	3.33	35.6	103.21
50.50510614990338	123.08395343934433	alihe	cn	4.05	50	0	7.58	50.57	123.73
11.848318355736495	92.42191661575691	port blair	in	79.78	100	0	8.77	11.67	92.75
-29.65856465353228	-95.00843160154841	lebu	cl	58.27	94	56	8.03	-37.62	-73.65
35.34375072153807	4.633641783504089	tazmalt	dz	53.6	81	0	9.17	36.39	4.4
62.06044378705613	-178.3986118848681	egvekinot	ru	28.8	92	88	10.04	66.32	-179.17
-15.743969101044769	144.97590589248938	mareeba	au	86	66	40	9.17	-16.99	145.42
47.40639174492364	-73.48761072197536	la tuque	ca	5.08	58	8	7.65	47.44	-72.79
57.80929481569305	-11.915901371283326	ballina	ie	39.6	98	20	9.78	54.11	-9.15
42.26533920465883	75.24229989054336	tokmak	kg						
72.35441261930646	-72.42290979827982	clyde river	ca	-38.21	58	1	4.7	70.47	-68.59
-28.43169209290417	27.492154320718697	senekal	za	55.35	90	0	7.02	-28.32	27.62
-9.077206221262202	148.57334217265446	popondetta	pg	84.15	57	24	2.39	-8.77	148.24
31.387412288369774	79.65920955895831	joshimath	in	4.27	98	12	0.54	30.57	79.57
32.64206174614502	79.39219732474788	gangotri	in						
12.687861882652555	19.167278397020027	mongo	td	66.96	55	0	6.8	12.18	18.69
-7.952898712335852	-155.7676739694643	faanui	pf	83.11	97	92	13.35	-16.48	-151.75
47.366177107372295	19.866894742631985	farmos	hu	32.65	100	56	3.36	47.36	19.85
60.72490608380281	150.77426275294488	palatka	ru	8.6	42	0	13.42	60.1	150.94
16.113854100150192	-159.81276419842038	ewa beach	us	77.43	57	1	6.93	21.32	-158.01
37.01745414417303	148.90021113916748	nemuro	jp	26.6	68	75	10.29	43.32	145.57
-5.308547599065733	33.86236207912265	mgandu	tz	62.59	75	0	9.82	-5.96	34.11
-47.02299931971024	-70.4850995141172	coihaique	cl	60.8	72	0	4.7	-45.58	-72.07
-18.292191972517287	33.23100879612983	manica	mz	69.8	94	75	4.7	-18.94	32.88
64.48764908758378	-128.54595049901013	norman wells	ca	12.2	66	75	16.11	65.28	-126.83
52.754062312068015	-174.35301604589148	provideniya	ru	31.99	91	92	29.01	64.42	-173.23
81.17192902121826	37.52288782232202	tumannyy	ru						
51.02052941151334	-58.393490991669054	saint-augustin	ca	19.47	48	20	3.36	45.63	-73.98
41.69552604357324	31.51209939175388	zonguldak	tr	42.88	100	88	2.73	41.25	31.83
47.959689123289905	130.2901482863317	hegang	cn	8.01	66	0	8.77	47.34	130.28
-30.79555124751554	158.65225498423786	ballina	au	79.51	95	32	10.56	-28.87	153.57
-39.617205053547806	174.1768482454034	manaia	nz	71.37	90	92	17.38	-39.55	174.12
57.0475511552666	151.82586028112394	ola	ru	8.6	42	0	13.42	59.58	151.3
29.91521503075066	68.3970176122611	duki	pk	37.84	39	0	1.99	30.15	68.58
19.143931722967892	83.87910819380312	gunupur	in	68.76	54	8	3.51	19.07	83.81
49.820793618695234	-77.91810173817815	matagami	ca	-2.21	77	90	6.93	49.76	-77.63
46.97722081118545	94.28828266202663	erzin	ru	0.81	79	76	2.06	50.26	95.16
0.43724806591075094	-162.57401435516977	samusu	ws						
40.567972895952096	-119.6907677868665	susanville	us	48.2	49	1	2.51	40.42	-120.65
15.571282871107385	9.842697488718244	tanout	ne	54.31	29	0	9.15	14.97	8.88
16.325382841642224	-90.21047270667822	sayaxche	gt	71.82	83	92	7.14	16.52	-90.17
-41.487546617968015	122.76123396949191	esperance	au	70.11	98	92	11.12	-33.86	121.89
71.87974021956768	66.08098909264507	severnyy	ru						
-7.436928480471735	-46.64977859431036	riachao	br	74.11	84	8	5.41	-7.36	-46.62
15.424310975905314	107.83163236810435	tam ky	vn	80.6	61	20	1.12	15.57	108.48
27.748302670730553	12.822015271517671	awbari	ly	34.42	76	20	3.62	26.59	12.77
64.6458924210286	62.8098726523898	muzhi	ru	0.76	63	68	5.75	65.4	64.7
18.52003261133767	38.2743076165564	tawkar	sd						
50.559757542802885	143.7757469967259	tymovskoye	ru	5.67	56	48	4.23	50.85	142.66
15.634799637004988	115.94045868245843	aloleng	ph	83.97	87	0	4.56	16.13	119.78
35.7591763307005	55.49452960287633	shahrud	ir	25.51	79	64	2.28	36.42	54.97
-36.604159914811206	173.37586815824528	dargaville	nz	76.41	77	92	8.59	-35.94	173.86
45.42214872024627	126.62385831371051	harbin	cn	1.4	64	0	8.95	45.77	126.62
-44.33833933625505	157.61374187989077	te anau	nz	56.97	75	56	11.45	-45.41	167.72
15.265715320783286	132.01160022611595	san policarpo	ph	81.9	94	0	8.81	12.18	125.51
31.82609457791183	29.000703100216583	alexandria	eg	47.37	93	0	4.7	31.2	29.89
2.697217956748375	-6.468352289620327	tabou	ci	81.76	100	32	13.18	4.42	-7.36
71.7013139546917	94.34787220561918	talnakh	ru	-2.62	85	68	11.9	69.49	88.39
-21.713787894793967	-26.563564166884674	caravelas	br	80.59	100	20	13.13	-17.73	-39.27
34.53898468457578	-131.950783447944	fortuna	us	48.67	87	90	9.17	40.6	-124.16
26.817954404959593	-156.36073611056563	wahiawa	us	77.47	73	1	11.41	21.5	-158.02
44.872876501950486	-81.2794799373407	wiarton	ca	17.6	78	5	3.36	44.74	-81.13
61.89104517333618	51.226909964808016	krasnozatonskiy	ru	14	92	90	4.47	61.68	50.98
41.80052764317006	-22.29557390983979	vila franca do campo	pt	50	76	20	6.93	37.72	-25.43
38.220388750988235	-91.26755704036718	washington	us	43.14	56	1	12.75	38.9	-77.04
42.87436133374217	-13.21087805728294	muros	es	41	100	20	3.36	42.77	-9.06
12.090422996762868	70.87926522749132	kavaratti	in	82.66	100	0	9.78	10.57	72.64
-4.6401545220947185	23.750187399202872	lusambo	cd	72.72	97	12	2.06	-4.97	23.44
-7.4809009938683175	-74.06754901914456	contamana	pe	73.39	93	24	2.28	-7.35	-75.01
46.51158079770522	8.630841959306338	schattdorf	ch	38.52	100	75	3.36	46.86	8.65
36.90759832482206	-90.64684218741401	poplar bluff	us	39.97	75	1	3.36	36.76	-90.39
-17.577145731820636	-51.798727112720115	jatai	br	71.01	85	12	4.74	-17.88	-51.71
-3.699154929533009	86.4387717938373	hambantota	lk	79.2	100	12	14.63	6.12	81.12
45.03041739281102	85.02639470555602	karamay	cn						
-1.991528345073803	-49.499531011100714	limoeiro do ajuru	br	79.42	97	88	7.25	-1.9	-49.38
-13.786062091509706	-47.586926861829255	cavalcante	br	72.94	61	36	6.91	-13.79	-47.46
-32.6461793737722	-156.2013954363986	avera	pf						
36.48549956875759	-89.77210638618857	kennett	us	41.72	75	1	3.36	36.24	-90.06
2.556394336915403	-88.60235379021788	puerto baquerizo moreno	ec	74.83	99	48	10.16	-0.9	-89.6
26.258727844252803	122.6715750262278	juifang	tw						
60.759526653172486	-101.83125601016523	flin flon	ca	4.81	66	32	9.37	54.77	-101.88
2.6553897693368924	-40.82135963662779	camocim	br	75.19	95	48	5.23	-2.9	-40.84
5.086840967504955	-5.530124930746723	grand-lahou	ci	78.16	93	8	6.35	5.24	-5
-34.479234169729246	21.57232201534586	george	za	62.6	93	90	8.05	-33.96	22.46
-37.04263244887437	-70.3622623049062	coihueco	cl	73.4	49	0	8.05	-36.63	-71.83
2.903873996105915	43.09330451439686	dinsor	so						
-23.545627719172828	-64.04258949370474	san ramon de la nueva oran	ar	76.63	87	80	0.98	-23.13	-64.33
24.49848614161307	57.95450218641497	ruwi	om	68	77	0	2.24	23.6	58.55
18.994680015880363	22.75286866911594	faya	td						
29.923994087216656	124.75022584543245	shenjiamen	cn	48.06	88	0	12.35	29.96	122.3
-16.987234721817217	128.79286180688058	kununurra	au	84.2	79	40	10.29	-15.77	128.74
32.820844408953604	74.09555892625556	kharian	pk	46.4	100	20	4.7	32.81	73.87
-8.097432724885792	27.17850072608951	manono	cd	71.32	91	36	3.06	-7.3	27.4
60.68978052491195	165.2536413210707	tilichiki	ru	15.43	88	68	4.23	60.47	166.1
-35.768380763598564	139.94537167419418	murray bridge	au	73.71	77	8	3.62	-35.12	139.28
-16.140787852813872	98.05433517023971	labuhan	id	91.03	53	12	2.62	-2.54	115.51
-2.1059928705223996	165.1574429036902	auki	sb	84.96	88	24	10.89	-8.77	160.7
68.96229560179435	83.12095252892595	karaul	ru						
-37.38645804669511	169.4735226435347	ahipara	nz	73.84	88	92	6.76	-35.17	173.16
58.30668037699024	124.65945769001786	aldan	ru	-5.54	53	64	4.12	58.61	125.39
33.073422199320845	76.18010876080939	bhaderwah	in	33.16	79	0	1.88	32.98	75.72
55.12764199831781	27.638499544401384	disna	by						
19.75683733810203	-128.54315045020152	san quintin	mx						
15.122953295108275	37.55240741020535	barentu	er	66.19	66	56	2.51	15.11	37.59
18.01671340265071	-65.93855462849737	maunabo	us						
-23.834212767884424	50.249718394032556	farafangana	mg	77.89	100	48	6.24	-22.82	47.83
51.080333939357104	126.38434691198574	heihe	cn	40.95	99	88	2.84	33.22	106.45
-27.40746595910585	137.99360656465637	port augusta	au	78.8	44	8	9.17	-32.49	137.76
-11.39065977112223	126.16647949443086	soe	id	74.52	88	88	4.07	-9.86	124.28
28.254444893242777	37.19421306404854	tabuk	sa	57.2	71	40	9.17	28.38	36.58
1.2995000640867005	-67.11489244801356	sao gabriel da cachoeira	br	75.96	91	76	2.33	-0.13	-67.09
56.07175862548067	57.4453439913506	sarana	ru	8.37	88	64	3.89	56.48	57.73
-12.115830466448045	145.23494752947755	port moresby	pg	93.2	46	20	17.22	-9.47	147.16
37.79113032937535	91.34571054740667	hami	cn	27.31	76	80	6.24	42.84	93.51
-25.663898719121917	-32.961242609668545	sao joao da barra	br	76.5	100	24	6.42	-21.64	-41.05
83.93385778108524	-38.8257828525943	tasiilaq	gl	26.6	73	0	3.36	65.61	-37.64
21.14830124101927	57.0497327699878	nizwa	om	51.61	73	0	2.33	22.93	57.53
40.499060351676974	49.33993414867044	sonqar	az						
42.38440933886335	105.60469673777249	haibowan	cn						
56.956238957153005	99.7728740547584	chunskiy	ru	6.97	61	56	8.81	56.08	99.63
3.46098155373771	33.49372932145434	kitgum	ug	63.49	69	0	6.24	3.3	32.88
20.17364168047196	79.30126985514897	durgapur	in	69.34	56	0	4.56	23.54	87.34
1.6526450874197707	47.18547687649027	mogadishu	so	78.61	98	68	19.44	2.04	45.34
40.91815945631467	33.96280322535307	tosya	tr	30.96	91	64	2.28	41.02	34.04
52.055286158490446	-108.77761672957848	wilkie	ca	17.6	67	90	9.17	52.41	-108.71
-35.863208120469075	23.46455399191703	plettenberg bay	za	65.52	100	56	9.6	-34.05	23.37
48.747700420824685	88.08351245593678	altay	cn	-6.08	70	0	1.99	47.83	88.13
35.81135360138801	45.58901231029296	baneh	ir	48.2	100	90	6.93	35.99	45.88
65.53759805686295	131.94966380340895	verkhoyansk	ru	-24.94	73	56	2.51	67.55	133.39
-20.010337453177854	161.88035661958776	poum	nc	79.33	100	44	23.64	-20.23	164.02
1.864888782595827	-62.64045721998576	boa vista	br	78.8	88	75	5.01	2.82	-60.67
9.809259593755485	-14.510832467212623	boffa	gn	73.44	39	0	11.95	10.18	-14.04
-4.3264510797552305	151.79028515881237	rabaul	pg	84.51	94	0	2.21	-4.2	152.17
2.603364354902155	75.22053338726207	muli	mv	81.67	100	92	10.45	2.92	73.57
61.824641844329506	127.5695865016188	berdigestyakh	ru	-7.93	62	56	6.08	62.1	126.7
57.609217325650434	-112.38855634581728	athabasca	ca	9.13	66	8	11.83	54.72	-113.29
19.524597576892134	-96.82042518315436	el castillo	mx	55.8	99	92	1.72	30.14	-109.74
66.12831736449442	125.8924903635426	zhigansk	ru	-20.66	60	24	3.51	66.77	123.37
55.45474606992829	-14.674045658092865	westport	ie	43.02	95	76	12.17	53.8	-9.52
59.96314782815557	89.48496578061298	teguldet	ru	5.26	77	64	6.64	57.31	88.17
38.23895059608773	-8.646295362826692	grandola	pt	42.8	100	40	2.24	38.18	-8.57
53.199666438912004	104.11377491585216	osa	ru	11.92	82	64	6.13	57.28	55.46
3.1121439233733668	153.51880322745376	kavieng	pg	79.33	100	44	6.91	-2.57	150.8
47.293388722597314	-94.83314120248974	bemidji	us	18.81	57	90	14.99	47.48	-94.89
25.669486906162703	102.89153525327987	kunming	cn	53.6	50	0	17.9	25.04	102.71
34.32993148502834	51.096583059722605	qom	ir	42.84	100	76	3.29	34.64	50.88
82.73265287084666	30.617736269485192	berlevag	no	15.97	100	88	2.28	70.86	29.09
-43.334756016108614	-68.5738717598906	comodoro rivadavia	ar	75.2	57	0	1.88	-45.87	-67.48
48.489587891674404	-21.567907889439823	praia da vitoria	pt	50	93	20	5.75	38.73	-27.07
-3.9257955001211116	98.91810144333522	sungaipenuh	id	74.61	78	32	0.83	-2.08	101.38
-21.90052402360945	-45.2686045284149	cambuquira	br	66.19	83	48	10.04	-21.85	-45.3
67.59849929921884	39.72982715464926	ostrovnoy	ru	19.03	90	68	10.83	68.05	39.51
47.20536717105156	23.688927091216783	vad	ro	18.94	87	68	1.72	45.79	25.15
-34.91578846779655	-74.51696499476034	constitucion	cl	56.29	94	0	9.78	-35.33	-72.42
-9.263919471863375	164.7539411121361	lata	sb						
6.21641579175602	25.33253518196372	zemio	cf	73.26	85	68	2.73	5.02	25.13
87.33642099981427	24.779771741294496	longyearbyen	sj	6.8	65	0	6.93	78.22	15.64
-19.216006837055915	117.26415913493685	roebourne	au	92.02	44	24	15.86	-20.77	117.15
56.33952200429698	5.20431789361615	vestbygda	no						
51.981883659921294	32.89743803069217	kholmy	ua	29.61	97	92	5.35	51.87	32.6
-54.952208591323306	-34.22338464838927	chuy	uy	69.07	86	0	12.39	-33.69	-53.46
42.28906913370088	81.03202408455672	aksu	cn	12.06	74	0	0.98	41.12	80.26
-0.9928500847374693	-48.699637963177054	soure	br	77.53	98	92	5.79	-0.72	-48.52
11.530280963633572	-104.32306363802483	ixtapa	mx	77	83	20	6.93	20.71	-105.21
-10.359024762666778	35.526661273896934	maposeni	tz	64.21	92	36	4.12	-10.58	35.4
78.67757366932605	-62.323807193617284	narsaq	gl	6.8	46	44	4.7	60.91	-46.05
18.274238154755267	121.89708271562915	santa teresita	ph	83.79	76	8	8.55	13.87	120.98
48.69109667202116	-87.29609033757794	terrace bay	ca	12.82	89	44	18.84	48.78	-87.1
-29.57188905521069	-57.341310858294264	uruguaiana	br	77	73	0	6.93	-29.77	-57.08
21.15496142710191	-8.844845757013957	atar	mr	62.41	88	92	3.56	20.52	-13.05
15.462691035502559	-28.644301729465127	porto novo	cv	66.2	82	75	19.46	17.02	-25.06
-1.086458023785923	40.42563472680669	garissa	ke	75.06	81	0	7.43	-0.46	39.64
18.98319286895307	78.32308023398127	nirmal	in	69.84	57	0	3	19.09	78.35
25.713316182561485	50.62983396596624	sitrah	bh	65.8	88	5	6.93	26.15	50.62
54.390504746375655	152.90452422135593	sobolevo	ru	26.82	95	88	8.32	54.43	31.9
-25.26874759320549	32.35302767919154	komatipoort	za	70.06	100	92	3.74	-25.43	31.95
48.13467586004313	137.97131422336287	svetlaya	ru	17.68	100	24	17.87	46.54	138.33
-34.17781811796681	35.31593630356022	port shepstone	za	72.22	99	92	7.65	-30.74	30.45
2.0449483844020904	-19.750602952854564	goderich	sl						
-9.739867375597925	133.98121949716904	maningrida	au	83.74	95	48	13.29	-12.05	134.23
26.91761276060474	84.34430142313403	bettiah	in	59.94	78	0	3.11	26.8	84.51
3.2307219090587154	-66.35706845192307	inirida	co	75.64	90	56	2.73	3.87	-67.92
39.373460067293905	-61.05312377394954	halifax	ca	33.8	100	90	16.11	44.65	-63.58
35.25982245398333	-96.88321522781993	shawnee	us	41.52	48	1	3.36	35.33	-96.93
26.048840079544078	-106.05694726565822	santa maria del oro	mx	62.37	36	8	8.32	25.95	-105.37
-40.68921177607196	-67.79092766004604	general roca	ar	80.6	44	0	9.78	-39.03	-67.58
66.55516308360569	36.59885594532966	solovetskiy	ru						
52.723597000656156	13.49524910882252	bernau	de	30.65	92	90	9.17	49.14	10.37
56.87923605451533	114.58091335686618	taksimo	ru	-7.79	56	20	2.51	56.36	114.84
-25.943721013148064	26.39962034112662	lichtenburg	za	54.94	80	0	3.51	-26.15	26.16
46.007006929402905	46.675694348339135	zenzeli	ru	20.79	79	20	12.91	45.92	47.05
41.36948018831933	126.81590353451611	linjiang	cn	6.34	67	44	7.09	41.81	126.91
-37.05500137371117	148.78327568434406	cooma	au	72.9	60	0	5.41	-36.24	149.13
-0.8893460910330759	171.44839390799467	tabiauea	ki						
-30.94778085517906	141.17541769720833	broken hill	au	91.44	30	0	5.86	-31.97	141.45
35.33868352092229	51.71960698827692	pishva	ir	44.6	87	75	4.7	35.31	51.73
-11.712529870756356	34.11656470415679	nkhata bay	mw	72.04	99	0	7.36	-11.61	34.3
35.820832111783034	-77.79996916712764	rocky mount	us	59	82	90	3.36	35.94	-77.8
70.91554273847174	22.05806918161406	oksfjord	no	14	78	88	4.7	70.24	22.35
9.182743561291446	83.65095771873166	batticaloa	lk	78.21	100	64	7.87	7.71	81.69
-18.800317823639247	-171.93865660258732	alofi	nu	82.4	69	0	14.99	-19.06	-169.92
-20.3320813842016	176.93104872787887	isangel	vu	82.48	96	76	17.43	-19.55	169.27
34.12971402704605	29.45914801903527	kumluca	tr	33.84	97	24	1.61	36.37	30.29
41.0380700156272	103.24500149516132	jinchang	cn	23.71	75	68	9.44	38.52	102.19
18.02464948667675	85.09247037707314	palasa	in	74.92	98	24	5.53	18.77	84.42
21.21686801373457	60.53517300325467	sur	om	71.55	93	0	1.54	22.57	59.53
-33.122703045390466	41.13180068821711	beloha	mg	69.52	95	24	3.33	-25.17	45.06
54.57851595099879	52.56191869175811	leninogorsk	ru	3.73	82	56	3.11	54.6	52.45
44.17994346128475	-61.56397167096853	port hawkesbury	ca	32	98	90	11.41	45.62	-61.36
11.66972445449494	-11.17413163233249	tougue	gn	67.27	38	0	8.14	11.45	-11.68
57.43093765150982	-132.81399192888284	juneau	us	25.84	100	75	3.36	58.3	-134.42
49.16551784013993	-72.12396791332132	dolbeau	ca						
6.703516767506656	1.1262260631050935	notse	tg	74.79	91	8	6.42	6.95	1.17
45.67443669809282	111.81919923653487	baruun-urt	mn	11.47	68	0	4.63	46.68	113.28
-10.616979519338429	51.21392796315524	ambilobe	mg	69.07	93	12	2.51	-13.19	49.05
-17.540001797360105	-48.81237336675824	caldas novas	br	70.74	81	32	6.35	-17.75	-48.62
68.23608973155822	137.42095234626134	ust-kuyga	ru	-22.15	64	36	3.89	70	135.55
-12.054005902831392	-40.35409113541763	baixa grande	br	70.51	89	92	3.56	-11.96	-40.17
-50.765294619661525	132.68340083152822	mount gambier	au	73.93	58	24	6.64	-37.83	140.78
38.65894489927652	97.63619565713213	yumen	cn	23.22	96	80	5.64	40.29	97.04
0.551947360959872	1.6330546993401924	mumford	gh	77.71	92	0	8.03	5.26	-0.76
37.41066276106005	-93.17893653928611	springfield	us	37.4	59	1	5.82	37.22	-93.29
16.924183927962417	80.97468606747583	nuzvid	in	75.2	78	75	4.12	16.79	80.85
7.038473037743117	3.6818737265803065	shagamu	ng	80.6	94	40	2.24	6.84	3.65
35.74505691666447	105.64085876070516	pingliang	cn	32.85	80	64	13.85	35.54	106.68
-4.911053843030828	127.21360335007068	ambon	id	89.6	62	40	5.82	-3.7	128.18
-32.63679909501809	174.70434290057426	kaeo	nz	73.44	85	92	9.66	-35.1	173.78
-44.91404236835644	138.7443024657648	portland	au	73.03	64	0	3.11	-33.35	149.98
49.26381776968128	-118.15642677297225	grand forks	ca	24.21	48	0	3.29	49.03	-118.46
50.12900833304937	44.78383945469972	kotovo	ru	12.46	86	80	11.05	50.32	44.8
-30.57139518438951	22.694090723429724	carnarvon	za	49.81	86	0	3.4	-30.97	22.13
50.14275741409375	179.43328793187277	beringovskiy	ru	34.2	94	88	18.72	63.05	179.32
57.23772897171449	70.20618989274402	vikulovo	ru	18.94	88	88	10.89	55.07	40.96
-33.79466646618765	39.13939233117483	richards bay	za	70.29	100	92	6.58	-28.77	32.06
-33.2246558465818	-72.4272789265113	valparaiso	cl	59	93	90	4.7	-33.04	-71.63
-39.69106288662802	177.5782921391534	wairoa	nz	79.2	61	68	8.59	-39.04	177.43
61.69153012236643	164.10686076843456	kamenskoye	ru						
47.67224525612579	-74.63855527164687	saint-michel-des-saints	ca	6.79	60	0	9.04	46.68	-73.92
-15.056315216056092	-81.37420186576475	lima	pe	61.06	91	32	0.87	-12.06	-77.04
80.65789703818243	177.55809346677188	leningradskiy	ru	25.24	95	68	17.38	69.38	178.42
59.26143230986082	86.97479192659614	belyy yar	ru	-4.01	83	40	2.24	53.6	91.39
8.582281340806261	-50.618069690765964	sinnamary	gf	76.77	100	92	11.68	5.38	-52.96
16.728126118635984	-88.83453133042322	benque viejo	bz						
-4.947958263829705	115.50889052612285	martapura	id	84.2	79	20	4.7	-3.41	114.85
-35.06123298851066	149.69588333354352	goulburn	au	77.04	63	0	3.89	-34.75	149.72
11.545287784056455	-100.92401476236036	acapulco	mx	80.6	78	40	5.82	16.86	-99.88
-29.748124151439647	163.8420493275632	noumea	nc	80.6	88	100	19.46	-22.28	166.46
63.66547680626189	38.38092796688761	onega	ru	14.49	91	80	7.31	63.91	38.09
42.94340011124095	84.0944578072232	kuche	cn						
-5.8932143013357745	109.29034964838621	kramat	id	84.2	79	20	13.87	-7.04	112.64
48.669547265634606	-59.13704556841101	stephenville	ca	28.4	92	90	11.41	48.55	-58.59
-18.171289869246465	-72.09093816389634	ilo	pe	63.72	96	0	2.21	-17.65	-71.34
26.172291971955943	90.34408046028904	bilasipara	in	68.98	77	0	4.12	26.2	90.29
52.3463935131125	-102.38829254291335	preeceville	ca	6.66	74	56	8.43	51.95	-102.67
-11.011520195592581	-66.04105627796109	riberalta	bo	75.6	94	48	2.1	-11	-66.08
81.47495514094825	-41.71491179448486	ilulissat	gl	-0.41	77	76	4.7	69.22	-51.1
72.55337245851311	174.11346033502832	komsomolskiy	ru	16.02	88	88	15.7	67.55	63.78
12.755642163457054	135.10801049336442	airai	pw						
29.1728220508478	139.68741761571084	shimoda	jp	53.6	50	20	18.34	34.7	138.93
59.24551889887911	24.820831664103963	kiili	ee	17.6	92	90	5.82	59.31	24.84
-13.659138267881232	56.04341361058715	antalaha	mg	77.31	96	44	8.03	-14.9	50.28
63.13214331593849	174.0767209764603	anadyr	ru	32	96	90	20.13	64.73	177.51
-19.854116694999632	-73.98539631929513	mollendo	pe	60.3	84	20	2.77	-17.03	-72.02
60.95277844563648	10.847365590487868	brumunddal	no	15.16	79	48	2.21	60.89	10.94
-15.615253275256222	109.29759964672849	bambanglipuro	id	82.71	81	36	7.81	-7.95	110.28
13.50439673641732	-29.28677686303459	sao filipe	cv	68.62	100	68	16.71	14.9	-24.5
52.76329066164345	18.971677147336692	wloclawek	pl	28.48	90	68	11.61	52.65	19.07
-24.707083304291913	15.613824930358078	maltahohe	na	56.79	55	0	5.64	-24.83	16.98
40.03731272567305	-15.374155809010887	peniche	pt	50.76	81	75	3.36	39.36	-9.38
4.45311687006209	108.64968365263792	pemangkat	id						
-19.90164365447987	10.897851836174482	opuwo	na	54.9	74	0	3.33	-18.06	13.84
-25.374472990799234	142.40346009880074	mount isa	au	105.8	11	32	16.11	-20.73	139.49
-14.750467056995532	119.30461841756085	broome	au	78.8	100	75	20.8	-17.97	122.23
67.25038306972974	-140.41877825188106	aklavik	ca	-0.41	77	20	6.93	68.22	-135.01
40.86497598130896	-138.5094664170058	eureka	us	48.49	87	90	9.17	40.8	-124.16
-15.489356211648484	38.33371686950281	nampula	mz	69.84	98	12	4.9	-15.12	39.26
-17.97956005878592	134.3350073112827	ngukurr	au						
23.91912753523559	22.785622412968962	jalu	ly	46.12	80	0	7.81	29.03	21.55
67.52961743466903	27.21708814314627	kemijarvi	fi						
12.652066129502629	21.543565954035557	adre	td	71.19	39	88	10.38	13.47	22.2
1.355252028517242	-164.59745344857697	samalaeulu	ws						
50.53664752266991	32.21623894807939	pryluky	ua	30.19	95	76	3.4	50.6	32.39
-2.1976031839816415	30.8803816017697	kibungo	rw	62.32	85	76	2.39	-2.14	30.55
4.988722520003677	75.04000278957281	male	mv	81.13	100	92	8.32	4.17	73.51
32.27269859780601	117.17542655114949	huainan	cn	50.94	70	0	15.41	32.59	117.01
60.034926133837644	160.71767968435034	palana	ru	16.96	77	80	3.11	59.08	159.95
33.45618974863184	19.5804548882098	tukrah	ly						
58.702285784172204	103.63064187275552	zheleznodorozhnyy	ru	23	85	75	8.95	55.75	38
6.037068059946961	13.507431195925363	betare oya	cm	70.65	68	20	2.84	5.6	14.08
-3.326384504415472	-35.024254523928164	touros	br	74.92	100	92	6.58	-5.2	-35.46
40.8361932098297	-110.77215361769275	evanston	us	23.18	53	5	6.93	42.04	-87.69
18.34931617240173	-68.21380102925096	higuey	do						
-27.702181007149733	28.49283399848005	reitz	za	56.52	95	0	7.92	-27.8	28.43
11.60402215796934	80.58402813096973	pondicherry	in						
7.307268788599998	-52.90902754325501	iracoubo	gf	74.16	96	92	3.89	5.48	-53.21
33.72102860403109	117.83542483525343	suicheng	cn	46.71	58	12	12.12	33.9	117.93
19.831711637904903	80.57701504458521	allapalli	in	71.23	63	0	5.75	19.43	80.06
-6.331748214522449	36.53386564953445	mpwapwa	tz	61.51	92	32	2.62	-6.35	36.49
-42.56079950024789	167.28270832058348	wanaka	nz	68.17	30	0	4.74	-44.7	169.14
29.500536174720054	35.113982254585494	elat	il						
58.926279199904286	54.757509373630086	kudymkar	ru	9.09	86	88	8.77	59.01	54.66
-9.202210234949348	-79.62163172276249	chimbote	pe	69.57	87	44	5.79	-9.08	-78.59
-5.032201230436883	20.474487029496686	ilebo	cd	74.52	95	12	1.83	-4.33	20.59
-18.21615232653292	166.84942942425096	vila	vu						
13.979756238093515	-9.138540429190499	kita	ml	69.12	35	0	11.27	13.04	-9.49
-10.385199857072337	43.48617485995635	mitsamiouli	km	80.91	100	80	3.22	-11.38	43.28